9 12 14 16 17 18 15
86 88 91 94 95 95
15 18 20 21 23 25 28 32
70 72 74 77 78 83
57 60 62 64 63 64 65
44 45 44 47 46
33 35 32 33 36 36
83 86 88 89 87 88 90 94
56 59 62 65 68 65 68 75
36 39 40 40 43
87 90 93 95 95 97 94
90 91 92 92 95 95
11 14 14 15 16 19 23
35 37 39 39 44
59 61 63 67 68 69
86 87 91 92 91
33 36 38 39 43 44 47 47
82 84 86 89 93 94 98
4 5 7 10 13 17 24
51 54 60 63 64 67 68
38 40 43 45 51 54 56 53
8 9 10 15 16 17 17
24 26 33 34 38
61 62 64 66 68 74 80
44 43 46 48 49 50 51 53
5 2 5 8 6
12 11 14 16 17 18 18
3 1 3 4 7 9 13
60 58 59 62 63 70
45 44 41 42 43 44 46
12 11 13 12 15 13
56 53 50 52 53 53
70 69 72 69 70 71 72 76
53 51 54 57 55 58 64
26 24 26 28 28 29 31 33
33 32 35 35 38 40 43 42
82 81 81 82 85 86 86
49 47 47 50 51 55
39 36 36 39 40 41 48
65 62 66 67 70 72 75
20 18 22 24 26 23
53 51 53 57 60 63 65 65
22 20 23 26 29 33 37
47 46 48 51 55 56 63
55 53 60 63 65
36 35 36 39 40 47 44
3 2 3 4 9 9
55 54 61 64 65 69
17 16 19 24 26 28 29 34
87 87 90 92 94
66 66 68 70 72 69
69 69 71 72 75 77 77
74 74 77 78 82
84 84 85 86 88 95
55 55 57 58 59 60 59 62
94 94 95 93 95 94
38 38 41 38 40 40
69 69 70 73 76 79 76 80
4 4 6 3 8
74 74 74 77 78
34 34 34 37 36
55 55 55 57 58 60 62 62
37 37 39 40 40 41 44 48
50 50 53 55 56 56 57 64
11 11 12 16 17
3 3 6 9 10 14 15 13
71 71 74 76 80 82 85 85
2 2 3 6 8 12 14 18
86 86 87 91 93 94 99
61 61 62 69 70 71
61 61 64 71 74 76 79 78
82 82 84 90 93 94 94
72 72 73 75 82 83 87
8 8 11 17 23
7 11 14 15 17 18
19 23 25 27 28 30 31 30
63 67 70 72 74 76 78 78
51 55 57 60 63 67
42 46 48 50 53 55 62
16 20 21 24 27 29 26 27
37 41 40 42 45 48 46
90 94 97 99 96 96
43 47 48 50 52 51 55
76 80 83 86 83 86 87 93
81 85 85 88 90
21 25 25 27 30 29
11 15 15 17 17
80 84 84 85 86 88 91 95
3 7 7 8 14
24 28 32 33 36 39
57 61 65 66 68 70 72 70
9 13 14 18 21 24 24
28 32 34 35 37 41 42 46
56 60 64 65 72
5 9 14 16 17 19 21
40 44 47 48 49 54 53
50 54 57 64 64
7 11 17 18 22
67 71 73 78 80 82 85 92
28 34 36 38 40 42 43 45
69 76 79 82 79
53 60 63 66 67 70 70
51 57 60 61 62 66
78 84 87 88 91 97
87 92 90 93 94
31 37 36 39 40 41 38
2 8 9 12 11 11
78 85 87 86 88 90 93 97
27 32 30 33 35 38 40 46
48 55 58 61 63 63 66
78 85 88 88 89 88
52 59 62 64 65 65 65
52 58 59 62 65 65 69
33 40 43 43 46 51
6 12 14 18 20
51 56 60 63 61
18 23 24 28 29 31 31
5 12 13 17 18 19 23
64 70 73 77 82
61 66 71 72 74 75 76
11 16 23 26 29 30 28
70 77 78 84 84
57 62 65 72 76
20 25 28 29 35 38 40 46
84 81 78 75 73 76
13 10 8 7 4 4
12 11 10 9 7 3
99 97 94 93 86
95 94 92 94 93 91 90 87
13 11 9 7 8 5 7
32 30 28 29 29
94 92 91 90 91 90 86
65 62 59 61 59 54
36 34 34 31 30 28
53 50 49 46 43 42 42 43
91 88 85 83 83 80 80
75 72 70 70 68 65 61
9 7 7 6 1
87 84 82 78 75
46 45 41 39 36 33 31 34
91 88 86 83 80 77 73 73
66 64 62 59 58 56 52 48
33 31 29 28 24 18
78 75 73 72 65 64
20 17 15 8 11
55 53 50 44 44
46 44 43 37 33
98 96 90 89 88 86 79
69 71 69 66 63
31 33 30 27 30
91 92 90 87 86 83 81 81
82 84 82 81 77
53 55 53 51 46
38 41 44 41 40
95 97 96 94 97 94 93 96
32 33 30 33 33
46 48 47 49 45
83 85 84 81 79 82 75
77 78 77 77 76
11 12 12 11 8 5 8
81 82 82 81 78 76 76
92 95 92 91 89 89 86 82
21 22 19 18 18 15 14 9
37 38 34 31 29
28 31 28 24 22 20 17 20
42 44 42 41 40 36 33 33
67 68 64 61 57
73 74 70 69 67 60
79 80 78 76 75 69 66 64
80 83 76 75 73 70 72
96 97 92 89 89
44 47 45 39 38 35 31
68 70 67 65 58 57 52
51 51 50 47 46 45 42 39
53 53 50 47 45 43 46
66 66 65 63 61 58 58
49 49 46 44 40
17 17 16 14 13 6
66 66 65 62 64 61
57 57 55 56 55 58
95 95 94 96 96
65 65 67 65 64 62 58
35 35 32 33 32 25
57 57 57 54 52 51 50 49
47 47 47 45 42 45
42 42 42 39 39
54 54 53 51 51 47
19 19 19 16 11
56 56 54 50 48 45
80 80 77 76 75 74 70 73
90 90 88 85 84 82 78 78
29 29 28 24 20
88 88 85 84 83 82 78 72
18 18 12 9 8 6 4
18 18 12 10 12
98 98 95 90 89 86 84 84
41 41 39 34 30
98 98 97 95 93 87 82
96 92 90 87 84
65 61 58 57 54 53 54
38 34 32 30 28 25 22 22
93 89 86 85 81
58 54 52 51 50 45
86 82 80 79 76 75 76 74
54 50 47 49 52
57 53 52 49 50 48 48
64 60 57 58 55 51
56 52 53 50 43
90 86 85 84 84 82
66 62 61 59 58 58 59
86 82 81 81 78 75 75
63 59 56 56 55 54 52 48
86 82 79 79 78 75 70
49 45 44 40 37 36
95 91 87 84 82 79 76 77
65 61 59 58 56 52 51 51
56 52 50 46 44 41 37
19 15 14 10 9 3
95 91 85 84 81
16 12 5 3 5
95 91 84 83 82 79 76 76
65 61 60 55 51
72 68 67 66 59 52
64 59 57 55 54 52 50 48
98 91 89 88 86 85 82 83
32 26 23 20 17 14 14
88 81 78 76 73 69
66 61 58 56 53 52 50 45
63 58 59 57 55 53
35 29 26 24 26 29
45 40 41 39 38 37 35 35
63 58 57 60 57 53
37 31 30 28 27 24 25 19
61 56 53 53 51 49
29 22 21 20 20 18 15 17
75 68 67 64 64 63 63
92 85 83 82 82 81 77
35 29 26 24 24 21 16
40 35 34 30 27 26 25
40 33 32 28 27 30
25 19 17 13 13
32 26 25 21 17
87 80 77 76 72 71 65
67 60 57 52 49
22 17 11 8 10
96 90 87 81 81
40 33 31 30 28 26 20 16
65 58 55 50 48 45 44 37
75 75 77 80 85 87 88 85
93 94 96 93 93
9 16 13 14 14
79 79 78 79 79
20 19 22 23 27 28 30
26 22 20 13 12 8
71 64 63 57 56 53 50 50
60 62 63 63 67
43 38 37 35 34 37 34
64 60 59 61 58 57 54 48
19 14 13 11 11
89 87 91 94 94
3 7 10 11 14 19 21 20
91 90 93 91 91
26 26 24 20 17 16
57 53 51 49 47 46 47
35 32 29 31 28 27 20
15 15 16 18 21 21
18 22 23 23 26 26
29 31 33 34 38 40 41 38
25 19 16 12 5
57 54 56 56 61
7 14 17 21 23
52 57 62 63 64 67 70 74
79 75 73 74 77
55 52 54 55 56 53
56 55 52 51 51 48 48
58 60 58 61 59
84 86 83 77 75
32 32 33 33 37
54 50 47 40 40
43 40 44 47 51
58 58 60 61 64 65 65 72
85 88 86 85 82 81 80 73
42 47 49 50 52 56 55
12 12 11 11 9 4
22 26 30 32 35 32
80 73 72 74 73 71 67
22 20 17 17 13
77 72 69 68 61
75 74 77 79 79 79
28 32 34 38 41 43 45
30 30 27 25 24 22 22 18
34 37 35 33 31 31
73 77 80 84 90
55 50 52 50 47 45 39
89 85 83 79 78 81
30 34 37 39 41 42 44 47
26 26 25 25 23 23
45 38 35 33 30 28 26 25
73 77 79 79 83
86 82 82 81 74
29 32 30 25 18
30 30 25 23 19
19 12 13 11 11
92 88 85 82 79 80 78 74
65 64 65 68 71 74 77 77
13 13 13 10 9 12
74 75 77 80 82 88 86
34 35 34 32 31 31 28 29
17 11 9 9 7
34 38 37 39 41
50 49 46 46 45 42 39 42
13 19 20 23 24 27 27 25
33 40 45 46 46
21 27 29 30 31 33 33
81 74 71 65 63 61 60
74 78 81 83 90 94
21 21 14 11 4
70 70 69 65 63 56
46 50 51 51 54 57 58 57
52 58 60 61 62 64 64 65
42 42 36 33 32 29 28 31
74 75 74 72 75 73 71 67
62 62 64 67 74 75 78 85
79 75 72 71 70 68
53 58 59 56 57 58 61
85 82 85 86 86 83
4 6 8 6 6
27 28 35 38 41 42 43 43
94 92 90 91 90 87 86 82
34 34 35 35 37 39 36
18 19 20 19 16 14
62 67 70 73 74 78 78
64 70 75 78 81
58 58 61 60 59 52
85 79 75 72 68
68 68 71 68 65 62 59 55
75 76 74 68 66 65 65
43 47 51 54 54
56 59 57 53 50 48
33 37 38 38 43
84 79 72 70 64
67 65 68 70 69 68
23 22 23 24 29
18 24 25 26 26 33
11 16 20 22 23 26 27 31
68 68 67 66 64
44 38 38 37 37
62 58 58 55 53 50 52
11 14 15 15 18 21 21
36 39 41 40 38 41
42 46 49 53 54 55 57 61
49 47 44 45 48 51 53 57
62 68 70 71 73
32 32 33 39 41 43 44 44
85 82 86 89 87
20 24 25 32 35 42
73 73 75 77 80 84 87 93
64 64 66 68 70 69 73
29 27 25 22 21 19 15 9
25 26 27 29 33 36 39
14 19 20 22 25 27 26
55 57 54 54 51 50
41 34 31 29 25
44 44 41 39 38 37 40 42
15 13 15 16 17 20 21 24
3 5 6 7 12 15
13 13 15 18 21 26 30
61 58 61 67 71
11 8 11 14 20 22 22
53 53 55 57 60 63
61 59 54 53 50 48 44
50 43 39 36 37
53 52 51 50 46 44 42
54 50 48 45 43 39
65 65 62 61 59 57 53
96 96 95 93 91 90 84
42 44 48 51 57
82 80 80 83 87
78 78 82 85 88
18 22 25 26 24 26 28 28
17 17 20 24 25 26 27 31
81 80 79 77 73
35 33 29 26 25 23 24
81 77 74 68 70
51 53 50 49 51 46
19 23 24 26 30
36 36 35 34 32 32
6 9 9 12 10
24 22 16 14 11 9 9
23 20 18 15 13 10 7 8
70 71 78 79 83
66 71 74 77 80 87 84
31 35 38 36 39 40 43 42
65 63 64 65 70 72
25 25 23 19 17 14 11 13
25 31 32 33 36 35 39
87 83 82 80 80
45 49 51 53 56 59 59
84 82 79 77 76 76
39 45 46 47 50 55 60
16 16 14 17 19 20 23
37 35 38 40 42 40 41 41
82 82 85 87 89 90 94 94
12 14 13 10 9
63 67 69 71 73 74 71
15 19 22 24 22 24 28
82 82 83 89 90 91 94 95
42 41 39 36 33 32 26 28
10 13 14 17 17 22
85 85 86 84 85 85
62 57 57 56 51
91 85 84 84 82 84
64 65 66 69 72 74 79
64 57 56 50 48 44
29 29 29 27 24 22
99 95 94 92 89 87 83 82
79 83 85 87 94 96 97
95 91 88 84 83 80 79 72
86 86 84 85 84
83 86 85 81 76
30 29 28 26 22 19 15
67 63 62 64 64
6 6 10 13 14 11
54 53 50 52 58
37 36 36 35 33 30 27 21
86 87 85 82 81 79 76 78
46 50 53 56 59 65
76 78 81 85 88 92
62 58 57 55 54 54 50
57 57 59 61 62 61
83 79 78 75 74 68 66 59
56 52 48 47 44 44
54 50 48 46 43 43 42
15 14 15 16 17 19 22 26
72 73 68 67 64 63 62 58
12 19 20 22 26 28 29 36
26 33 30 32 35 41
27 29 31 32 33 37
64 64 62 61 57 54 51 51
54 61 61 62 66
59 63 66 71 73 76 79 79
95 88 86 84 83 82 78 75
61 62 61 61 61
61 58 57 51 50 48
39 35 38 36 34
44 44 47 50 52 54 56 60
42 40 38 35 32 26
30 27 24 21 22 20 23
19 19 22 24 27 28 34
49 50 47 46 42 42
82 77 79 78 76 77
2 1 3 3 4 5 6
77 77 76 74 69 67 66 64
49 50 53 54 56 58 58
83 86 84 82 78 77 74 75
60 54 50 49 47 46 44 44
49 48 47 47 44 42 39 36
77 73 73 70 67 67
31 27 22 19 18
64 60 58 56 54 49
62 66 68 68 70 73 75
89 94 95 97 99 99 99
51 53 49 47 46 43 39
8 10 11 12 17 18 25
87 88 90 93 91 92 95 99
70 70 71 68 70 73 80
57 55 61 64 62
58 59 61 64 62 64
26 28 30 31 33 31
67 71 74 75 74 81
33 34 33 31 30 28 24
42 35 33 31 29 27 25 27
24 22 21 17 17
70 63 62 62 60 56
33 35 35 38 39 40
2 2 4 4 5 5
43 43 41 40 36 33 29
85 85 86 86 89 92 95
26 32 29 32 34 36 33
26 27 30 28 34
51 54 54 51 50 48 44
71 71 65 62 59 59
58 53 48 45 44 46
97 93 91 87 84 80
11 10 13 14 15 16 23 28
43 48 51 52 57
43 42 44 48 50 56
58 63 64 65 66 69 70 74
80 79 76 73 68 61
4 4 7 4 3